{
  "loss": 0.005433059763163328,
  "mape": 71.78950500488281,
  "batchSize": 4
},{
  "loss": 0.005213621072471142,
  "mape": 70.09779357910156,
  "batchSize": 4
},