{
  "loss": 0.005731986369937658,
  "mape": 78.98262023925781,
  "batchSize": 4
},