{
  "loss": 0.005646418780088425,
  "mape": 77.28279876708984,
  "batchSize": 4
},