{
  "loss": 0.005844710394740105,
  "mape": 78.62977600097656,
  "batchSize": 4
},