{
  "loss": 0.005609397776424885,
  "mape": 75.86344146728516,
  "batchSize": 4
},