{
  "loss": 0.00552924070507288,
  "mape": 73.29513549804688,
  "batchSize": 4
},{
  "loss": 0.005213153548538685,
  "mape": 69.96775817871094,
  "batchSize": 4
},