{
  "loss": 0.005455678794533014,
  "mape": 72.0290298461914,
  "batchSize": 4
},{
  "loss": 0.005218743812292814,
  "mape": 70.26390838623047,
  "batchSize": 4
},