{
  "loss": 0.0056814937852323055,
  "mape": 76.76036834716797,
  "batchSize": 4
},{
  "loss": 0.005320749711245298,
  "mape": 73.22982025146484,
  "batchSize": 4
},