{
  "loss": 0.005551225505769253,
  "mape": 75.30172729492188,
  "batchSize": 4
},