{
  "loss": 0.0058615123853087425,
  "mape": 79.14590454101562,
  "batchSize": 4
},