{
  "loss": 0.005564101040363312,
  "mape": 76.31747436523438,
  "batchSize": 4
},