{
  "loss": 0.005664626602083445,
  "mape": 76.51341247558594,
  "batchSize": 4
},{
  "loss": 0.0053377351723611355,
  "mape": 73.29106903076172,
  "batchSize": 4
},