{
  "loss": 0.005499155260622501,
  "mape": 72.47505187988281,
  "batchSize": 4
},{
  "loss": 0.005218809470534325,
  "mape": 70.24269104003906,
  "batchSize": 4
},