{
  "loss": 0.0055614556185901165,
  "mape": 73.10692596435547,
  "batchSize": 4
},{
  "loss": 0.00521440664306283,
  "mape": 70.01793670654297,
  "batchSize": 4
},