{
  "loss": 0.005593049805611372,
  "mape": 77.31231689453125,
  "batchSize": 4
},