{
  "loss": 0.005682718940079212,
  "mape": 76.4552230834961,
  "batchSize": 4
},