{
  "loss": 0.005599222611635923,
  "mape": 73.32103729248047,
  "batchSize": 4
},{
  "loss": 0.005219861399382353,
  "mape": 70.0467529296875,
  "batchSize": 4
},