{
  "loss": 0.0057110050693154335,
  "mape": 76.68119049072266,
  "batchSize": 4
},{
  "loss": 0.0053264908492565155,
  "mape": 73.16693878173828,
  "batchSize": 4
},